4294967294,0
4294967279,18
4294967278,202
4294967279,16
4294967279,15
4294967279,14
4294967279,12
4294967279,11
4294967279,564
4294967278,364
4294967278,200
4294967278,199
4294967278,310
4294967278,197
4294967279,563
4294967278,348
4294967278,195
4294967279,562
4294967278,194
4294967278,346
4294967278,363
4294967278,307
4294967279,561
4294967278,306
4294967278,305
4294967278,345
4294967278,304
4294967278,362
4294967278,344
4294967279,533
4294967278,361
4294967279,560
4294967278,360
15,6
4294967278,182
15,4
4294967279,559
4294967278,303
4294967278,302
4294967279,558
4294967278,301
20,5
20,4
4294967279,180
15,1
4294967279,303
6,4
17,5
15,5
6,5
22,5
4294967278,343
20,6
20,1
4294967279,177
4294967294,99
4294967294,159
22,4
21,4
22,1
21,5
4294967279,557
4294967278,359
4294967278,341
4294967279,556
4294967278,171
4294967279,555
4294967278,358
4294967278,169
27,2
4294967279,530
4294967278,357
4294967278,347
4294967278,0
27,5
4294967279,297
26,5
26,1
26,4
27,4
2,4
4294967294,11
4294967294,81
0,5
4294967294,15
4294967294,1163
27,1
4294967294,7
4294967294,6
4294967294,22
4294967294,1419
4294967294,473
4294967294,1421
4294967278,132
4294967278,131
4294967278,130
4294967278,129
4294967278,128
4294967278,127
4294967278,126
4294967278,125
4294967278,124
4294967278,123
4294967278,122
4294967278,121
4294967278,120
4294967278,119
4294967278,118
4294967278,117
4294967278,116
4294967278,115
4294967278,114
4294967278,113
4294967278,112
4294967278,111
4294967278,110
4294967278,109
4294967278,108
4294967278,107
4294967278,106
4294967278,105
4294967278,104
4294967278,103
4294967278,102
4294967278,101
4294967278,100
4294967278,99
4294967278,98
4294967278,97
4294967278,96
4294967278,95
4294967278,94
4294967278,93
4294967278,92
4294967278,91
4294967278,90
4294967278,89
4294967278,87
4294967278,86
4294967278,85
4294967278,84
4294967278,83
4294967278,82
4294967278,81
4294967278,80
4294967278,79
4294967278,78
4294967278,77
4294967278,76
4294967278,75
4294967278,74
4294967278,73
4294967278,72
4294967278,71
4294967278,70
4294967278,69
4294967278,68
4294967278,67
4294967278,66
4294967278,65
4294967278,64
4294967278,63
4294967278,62
4294967278,61
4294967278,60
4294967278,59
4294967278,58
4294967278,57
4294967278,56
4294967278,55
4294967279,68
4294967279,60
4294967279,57
4294967279,56
4294967279,52
4294967279,50
4294967279,49
4294967279,47
4294967279,42
4294967279,41
4294967279,39
4294967279,35
4294967279,31
4294967279,30
4294967279,28
4294967279,541
4294967279,0
4294967279,23
4294967279,22
4294967279,20
4294967279,19
4294967279,17
4294967279,13
4294967279,10
4294967279,9
4294967279,8
4294967279,7
4294967279,283
4294967279,6
4294967279,282
4294967279,5
4294967279,281
4294967279,4
4294967294,30
4294967294,1
4294967294,46
4294967294,388
4294967294,165
4294967294,93
4294967294,95
4294967294,183
4294967294,176
4294967294,12
4294967294,471
4294967294,160
4294967294,168
4294967294,166
4294967294,24
4294967294,189
4294967294,398
4294967294,158
4294967294,17
4294967294,67
4294967294,76
4294967294,41
4294967294,43
4294967294,52
4294967294,25
4294967294,423
4294967294,26
4294967294,5
4294967294,1166
4294967294,82
4294967294,83
4294967294,68
4294967294,1082
4294967279,554
4294967279,553
4294967279,552
4294967278,356
4294967294,1425
4294967294,1424
4294967278,355
4294967279,551
33,6
33,5
33,4
33,3
33,2
33,1
4294967278,354
4294967278,353
4294967279,550
4294967278,352
4294967279,549
4294967294,1423
4294967278,351
4294967279,548
32,5
32,4
32,3
32,2
32,1
4294967279,547
4294967279,546
29,5
4294967279,545
29,4
29,3
29,2
29,1
28,4
28,3
28,2
28,1
4294967294,475
4294967294,474
4294967278,350
4294967293,131
4294967293,130
4294967293,129
4294967293,128
4294967293,127
4294967293,126
4294967293,125
4294967293,124
4294967293,123
4294967293,122
4294967293,121
4294967293,120
4294967293,119
4294967293,118
4294967293,117
4294967293,116
4294967293,115
4294967293,114
4294967293,113
4294967293,112
4294967293,111
4294967293,110
4294967293,109
4294967293,108
4294967293,107
4294967293,106
4294967293,105
4294967293,104
4294967293,103
4294967293,102
4294967293,101
4294967293,100
4294967293,99
